15923,15270,24466,19285
12575,12599,13019,14740
10257,10075,10453,9622
9398,9285,9646,7865
7020,7121,6909,6125
5181,5102,4883,4883
5357,5261,5009,4513
6096,5789,5884,4711
3876,3856,3760,3499
3720,3651,3585,3297
4814,4683,4662,3939
3521,3507,3319,3115
2929,3029,2884,2633
3480,3594,3460,2937
3529,3713,3553,2913
2558,2568,2516,2349
2445,2492,2456,2357
3400,3575,3588,2979
2229,2356,2301,2107
2216,2250,2116,2025
2804,2820,2680,2199
2573,2511,2417,2227
1931,1953,1891,1841
2058,2051,2016,1939
2543,2683,2590,2274
1686,1908,1725,1667
1718,1678,1750,1572
2165,2289,2211,1995
1740,1836,1707,1722
1444,1540,1426,1479
1717,1727,1665,1617
1856,1885,1825,1727
1385,1409,1346,1324
1408,1416,1286,1352
1871,1941,1803,1693
1343,1291,1266,1287
1180,1252,1118,1200
1528,1497,1466,1415
1374,1484,1297,1335
1034,1139,1042,1137
1156,1187,1020,1194
1446,1506,1485,1489
1005,1035,900,997
981,981,969,1016
1317,1325,1278,1306
1032,1109,991,1079
866,904,813,943
1014,1069,944,1078
1061,1171,1075,1214
836,865,772,946
825,843,706,913
1134,1208,984,1218
771,838,695,863
756,792,657,824
899,960,814,999
936,956,758,916
684,656,565,790
726,750,588,783
980,1015,826,1018
618,679,551,728
626,660,568,690
860,828,765,888
688,715,603,805
541,585,446,653
659,614,555,736
709,749,629,864
505,532,441,600
528,530,404,596
732,710,602,772
531,552,411,609
494,492,373,585
568,594,489,648
620,567,505,660
424,432,337,490
439,398,344,523
647,625,476,696
422,394,350,477
387,421,279,458
571,491,443,613
462,458,363,556
362,387,272,391
412,364,311,459
510,452,390,590
322,339,229,385
316,323,233,396
418,443,357,519
322,310,288,388
308,258,216,359
361,342,297,412
368,368,285,460
264,251,193,329
281,262,204,359
343,386,295,494
227,237,210,318
247,225,181,311
319,289,234,386
306,251,220,343
221,224,136,268
219,213,204,320
288,284,215,392
204,175,164,229
200,163,139,240
269,249,208,320
214,193,127,264
159,152,149,215
204,167,158,257
240,222,179,292
135,151,100,193
170,118,109,221
255,198,171,291
155,130,98,171
149,134,97,211
185,162,133,213
164,145,120,206
118,134,81,182
123,135,88,196
136,130,118,250
107,106,66,156
121,90,67,157
148,133,117,223
112,92,74,160
98,72,72,140
119,120,83,189
132,96,84,223
70,85,50,133
87,69,66,118
96,98,85,192
83,70,53,117
88,85,41,105
110,91,75,137
88,79,63,103
55,60,37,89
67,65,59,94
91,88,75,134
56,61,42,69
61,49,38,82
78,62,56,99
56,50,50,90
57,45,52,70
79,58,36,77
74,55,52,95
45,42,33,62
35,55,35,75
66,81,46,91
44,38,41,71
45,38,27,60
57,35,27,72
52,60,26,71
39,25,36,61
34,27,31,56
47,47,39,69
34,32,30,53
39,23,20,41
54,46,37,57
41,34,22,53
34,22,31,40
22,31,22,62
53,44,35,55
32,13,14,33
25,18,18,40
42,29,32,52
27,26,13,52
24,25,9,39
30,22,23,39
25,22,17,45
27,12,14,41
15,21,24,35
39,27,23,53
23,19,18,31
18,23,20,31
37,24,20,44
23,21,17,40
14,19,8,33
14,23,12,26
17,23,14,32
14,12,9,23
21,15,12,20
12,18,15,47
16,13,8,25
16,4,6,34
15,18,12,23
22,25,9,28
11,11,6,30
8,8,10,18
16,17,16,38
12,6,7,28
7,7,6,21
13,12,10,31
8,4,4,17
8,11,3,19
6,13,9,25
9,21,7,19
2,5,5,11
11,4,3,12
12,11,9,28
8,6,7,14
9,3,3,10
5,6,4,12
5,8,9,7
4,5,2,12
3,6,4,7
9,4,7,15
6,5,1,6
9,4,4,8
9,6,5,14
5,13,3,12
3,6,2,7
6,4,3,11
6,5,3,6
3,2,5,8
6,6,2,4
8,2,6,10
3,6,3,5
4,2,1,7
6,4,4,6
3,7,4,6
4,3,1,5
5,1,1,6
4,6,2,11
3,4,3,3
1,2,3,0
2,6,2,8
4,2,5,8
4,2,2,3
4,1,1,3
5,5,3,7
3,1,0,7
1,1,2,2
3,3,1,4
1,3,1,3
2,2,4,7
4,3,3,2
4,2,0,4
3,3,2,5
1,1,2,4
2,2,1,7
2,1,1,3
3,1,1,4
2,3,1,4
2,0,2,3
0,2,1,3
1,2,1,3
4,1,2,1
3,2,0,5
0,0,0,7
0,0,0,2
2,2,1,3
3,3,1,3
0,0,1,3
2,1,2,5
0,0,0,2
1,0,0,2
0,2,0,7
2,0,1,2
2,1,2,4
0,1,0,5
1,2,0,3
3,0,0,1
1,1,0,1
5,2,1,2
1,1,0,1
1,0,0,1
1,1,2,1
3,0,0,2
1,1,0,0
0,0,0,1
2,0,0,1
0,0,0,0
1,1,0,1
0,1,0,3
0,1,0,0
3,1,0,1
1,1,3,1
0,0,1,0
0,0,0,0
1,0,1,1
0,1,0,2
1,0,1,2
0,0,0,0
0,0,0,0
1,0,0,1
1,1,0,2
0,0,0,0
0,1,0,1
0,1,0,0
1,1,1,0
0,0,2,0
0,1,0,1
0,0,0,0
2,0,0,1
0,0,0,0
1,1,0,1
0,0,0,0
0,1,0,2
0,0,0,0
0,0,0,1
0,0,0,0
0,2,0,0
1,0,0,0
0,0,0,0
1,0,0,0
0,1,0,0
1,0,0,0
0,0,0,0
0,1,0,0
0,1,0,0
0,0,0,0
0,1,0,0
0,0,0,2
0,0,0,0
0,0,1,1
0,1,0,1
0,0,0,0
1,0,1,1
0,0,0,1
0,0,0,0
0,0,0,0
0,0,0,0
0,0,0,0
0,0,0,0
0,0,0,1
0,0,0,0
0,0,0,0
0,1,0,0
0,0,0,1
0,0,0,0
0,0,0,0
0,0,1,0
0,0,0,0
0,0,0,0
0,0,0,0
0,0,0,0
0,0,0,1
0,0,0,0
0,0,0,0
0,0,0,0
0,0,0,0
0,1,0,0
0,0,0,0
0,0,0,1
1,0,0,0
0,0,0,0
1,0,0,0
0,0,0,0
0,0,0,0
0,0,0,0
0,0,0,0
0,0,0,0
0,0,0,0
0,0,0,0
0,0,0,0
0,0,0,0
0,0,0,0
0,0,0,0
0,0,0,0
0,0,0,0
0,1,0,0
0,0,0,0
0,0,0,0
0,0,0,0
0,0,0,0
0,0,0,0
0,0,0,0
0,0,0,0
0,0,0,0
0,0,0,0
0,0,0,0
0,0,0,0
0,0,0,0
0,0,0,0
0,0,0,0
0,0,0,0
0,0,0,0
0,0,0,0
0,0,0,0
0,0,0,0
0,0,0,0
0,0,0,0
0,0,0,0
0,0,0,0
0,0,0,0
0,0,0,0
0,0,0,0
0,0,0,0
0,0,0,0
0,0,0,0
0,0,0,0
0,0,0,0
1,0,0,0
0,0,0,0
0,0,0,0
0,0,0,0
0,0,0,0
0,0,0,0
0,0,0,0
0,0,0,0
0,0,0,0
0,0,0,0
0,0,0,0
0,0,0,0
0,0,0,0
0,0,0,0
0,0,0,0
0,0,0,0
0,0,0,0
0,0,0,0
0,0,0,0
0,0,0,0
0,0,0,0
0,0,0,0
0,0,0,0
0,0,0,0
0,0,0,0
0,0,0,0
0,0,0,0
0,0,0,0
0,0,0,0
0,0,0,0
0,0,0,0
0,0,0,0
0,0,0,0
0,0,0,0
0,0,0,0
0,0,0,0
0,0,0,0
0,0,0,0
0,0,0,0
0,0,0,0
0,0,0,0
0,0,0,0
0,0,0,0
0,0,0,0
0,0,0,0
0,0,0,0
0,0,0,0
0,0,0,0
0,0,0,0
0,0,0,0
0,0,0,0
0,0,0,0
0,0,0,0
0,0,0,0
0,0,0,0
0,0,0,0
0,0,0,0
0,0,0,0
0,0,0,0
0,0,0,0
0,0,0,0
0,0,0,0
0,0,0,0
0,0,0,0
0,0,0,0
0,0,0,0
0,0,0,0
0,0,0,0
0,0,0,0
0,0,0,0
0,0,0,0
0,0,0,0
0,0,0,0
0,0,0,0
0,0,0,0
0,0,0,0
0,0,0,0
0,0,0,0
0,0,0,0
0,0,0,0
0,0,0,0
0,0,0,0
0,0,0,0
0,0,0,0
0,0,0,0
0,0,0,0
0,0,0,0
0,0,0,0
0,0,0,0
0,0,0,0
0,0,0,0
0,0,0,0
0,0,0,0
0,0,0,0
0,0,0,0
0,0,0,0
0,0,0,0
0,0,0,0
0,0,0,0
0,0,0,0
0,0,0,0
0,0,0,0
0,0,0,0
0,0,0,0
0,0,0,0
0,0,0,0
0,0,0,0
0,0,0,0
0,0,0,0
0,0,0,0
0,0,0,0
0,0,0,0
0,0,0,0
0,0,0,0
0,0,0,0
0,0,0,0
0,0,0,0
0,0,0,0
0,0,0,0
0,0,0,0
0,0,0,0
0,0,0,0
0,0,0,0
0,0,0,0
0,0,0,0
0,0,0,0
0,0,0,0
0,0,0,0
0,0,0,0
0,0,0,0
0,0,0,0
0,0,0,0
0,0,0,0
0,0,0,0
0,0,0,0
0,0,0,0
0,0,0,0
0,0,0,0
0,0,0,0
0,0,0,0
0,0,0,0
0,0,0,0
0,0,0,0
0,0,0,0
0,0,0,0
0,0,0,0
0,0,0,0
0,0,0,0
0,0,0,0
0,0,0,0
0,0,0,0
0,0,0,0
0,0,0,0
0,0,0,0
0,0,0,0
0,0,0,0
0,0,0,0
0,0,0,0
0,0,0,0
0,0,0,0
0,0,0,0
0,0,0,0
0,0,0,0
0,0,0,0
0,0,0,0
0,0,0,0
0,0,0,0
0,0,0,0
0,0,0,0
0,0,0,0
0,0,0,0
0,0,0,0
0,0,0,0
0,0,0,0
0,0,0,0
0,0,0,0
0,0,0,0
0,0,0,0
0,0,0,0
0,0,0,0
0,0,0,0
0,0,0,0
0,0,0,0
0,0,0,0
0,0,0,0
0,0,0,0
0,0,0,0
0,0,0,0
0,0,0,0
0,0,0,0
0,0,0,0
0,0,0,0
0,0,0,0
0,0,0,0
0,0,0,0
0,0,0,0
0,0,0,0
0,0,0,0
0,0,0,0
0,0,0,0
0,0,0,0
0,0,0,0
0,0,0,0
0,0,0,0
0,0,0,0
0,0,0,0
0,0,0,0
0,0,0,0
0,0,0,0
0,0,0,0
0,0,0,0
0,0,0,0
0,0,0,0
0,0,0,0
0,0,0,0
0,0,0,0
0,0,0,0
0,0,0,0
0,0,0,0
0,0,0,0
0,0,0,0
0,0,0,0
0,0,0,0
0,0,0,0
0,0,0,0
0,0,0,0
0,0,0,0
0,0,0,0
0,0,0,0
0,0,0,0
0,0,0,0
0,0,0,0
0,0,0,0
0,0,0,0
0,0,0,0
0,0,0,0
0,0,0,0
0,0,0,0
0,0,0,0
0,0,0,0
0,0,0,0
0,0,0,0
0,0,0,0
0,0,0,0
0,0,0,0
0,0,0,0
0,0,0,0
0,0,0,0
0,0,0,0
0,0,0,0
0,0,0,0
0,0,0,0
0,0,0,0
0,0,0,0
0,0,0,0
0,0,0,0
0,0,0,0
0,0,0,0
0,0,0,0
0,0,0,0
0,0,0,0
0,0,0,0
0,0,0,0
0,0,0,0
0,0,0,0
0,0,0,0
0,0,0,0
0,0,0,0
0,0,0,0
0,0,0,0
0,0,0,0
0,0,0,0
0,0,0,0
0,0,0,0
0,0,0,0
0,0,0,0
0,0,0,0
0,0,0,0
0,0,0,0
0,0,0,0
0,0,0,0
0,0,0,0
0,0,0,0
0,0,0,0
0,0,0,0
0,0,0,0
0,0,0,0
0,0,0,0
0,0,0,0
0,0,0,0
0,0,0,0
0,0,0,0
0,0,0,0
0,0,0,0
0,0,0,0
0,0,0,0
0,0,0,0
0,0,0,0
0,0,0,0
0,0,0,0
0,0,0,0
0,0,0,0
0,0,0,0
0,0,0,0
0,0,0,0
0,0,0,0
0,0,0,0
0,0,0,0
0,0,0,0
0,0,0,0
0,0,0,0
0,0,0,0
0,0,0,0
0,0,0,0
0,0,0,0
0,0,0,0
0,0,0,0
0,0,0,0
0,0,0,0
0,0,0,0
0,0,0,0
0,0,0,0
0,0,0,0
0,0,0,0
0,0,0,0
0,0,0,0
0,0,0,0
0,0,0,0
0,0,0,0
0,0,0,0
0,0,0,0
0,0,0,0
0,0,0,0
0,0,0,0
0,0,0,0
0,0,0,0
0,0,0,0
0,0,0,0
0,0,0,0
0,0,0,0
0,0,0,0
0,0,0,0
0,0,0,0
0,0,0,0
0,0,0,0
0,0,0,0
0,0,0,0
0,0,0,0
0,0,0,0
0,0,0,0
0,0,0,0
0,0,0,0
0,0,0,0
0,0,0,0
0,0,0,0
0,0,0,0
0,0,0,0
0,0,0,0
0,0,0,0
0,0,0,0
0,0,0,0
0,0,0,0
0,0,0,0
0,0,0,0
0,0,0,0
0,0,0,0
0,0,0,0
0,0,0,0
0,0,0,0
0,0,0,0
0,0,0,0
0,0,0,0
0,0,0,0
0,0,0,0
0,0,0,0
0,0,0,0
0,0,0,0
0,0,0,0
0,0,0,0
0,0,0,0
0,0,0,0
0,0,0,0
0,0,0,0
0,0,0,0
0,0,0,0
0,0,0,0
0,0,0,0
0,0,0,0
0,0,0,0
0,0,0,0
0,0,0,0
0,0,0,0
0,0,0,0
0,0,0,0
0,0,0,0
0,0,0,0
0,0,0,0
0,0,0,0
0,0,0,0
0,0,0,0
0,0,0,0
0,0,0,0
0,0,0,0
0,0,0,0
0,0,0,0
0,0,0,0
0,0,0,0
0,0,0,0
0,0,0,0
0,0,0,0
0,0,0,0
0,0,0,0
0,0,0,0
0,0,0,0
0,0,0,0
0,0,0,0
0,0,0,0
0,0,0,0
0,0,0,0
0,0,0,0
0,0,0,0
0,0,0,0
0,0,0,0
0,0,0,0
0,0,0,0
0,0,0,0
0,0,0,0
0,0,0,0
0,0,0,0
0,0,0,0
0,0,0,0
0,0,0,0
0,0,0,0
0,0,0,0
0,0,0,0
0,0,0,0
0,0,0,0
0,0,0,0
0,0,0,0
0,0,0,0
0,0,0,0
0,0,0,0
0,0,0,0
0,0,0,0
0,0,0,0
0,0,0,0
0,0,0,0
0,0,0,0
0,0,0,0
0,0,0,0
0,0,0,0
0,0,0,0
0,0,0,0
0,0,0,0
0,0,0,0
0,0,0,0
0,0,0,0
0,0,0,0
0,0,0,0
0,0,0,0
0,0,0,0
0,0,0,0
0,0,0,0
0,0,0,0
0,0,0,0
0,0,0,0
0,0,0,0
0,0,0,0
0,0,0,0
0,0,0,0
0,0,0,0
0,0,0,0
0,0,0,0
0,0,0,0
0,0,0,0
0,0,0,0
0,0,0,0
0,0,0,0
0,0,0,0
0,0,0,0
0,0,0,0
0,0,0,0
0,0,0,0
0,0,0,0
0,0,0,0
0,0,0,0
0,0,0,0
0,0,0,0
0,0,0,0
0,0,0,0
0,0,0,0
0,0,0,0
0,0,0,0
0,0,0,0
0,0,0,0
0,0,0,0
0,0,0,0
0,0,0,0
0,0,0,0
0,0,0,0
0,0,0,0
0,0,0,0
0,0,0,0
0,0,0,0
0,0,0,0
0,0,0,0
0,0,0,0
0,0,0,0
0,0,0,0
0,0,0,0
0,0,0,0
0,0,0,0
0,0,0,0
0,0,0,0
0,0,0,0
0,0,0,0
0,0,0,0
0,0,0,0
0,0,0,0
0,0,0,0
0,0,0,0
0,0,0,0
0,0,0,0
0,0,0,0
0,0,0,0
0,0,0,0
0,0,0,0
0,0,0,0
0,0,0,0
0,0,0,0
0,0,0,0
0,0,0,0
0,0,0,0
0,0,0,0
0,0,0,0
0,0,0,0
0,0,0,0
0,0,0,0
0,0,0,0
0,0,0,0
0,0,0,0
0,0,0,0
0,0,0,0
0,0,0,0
0,0,0,0
0,0,0,0
0,0,0,0
0,0,0,0
0,0,0,0
0,0,0,0
0,0,0,0
0,0,0,0
0,0,0,0
0,0,0,0
0,0,0,0
0,0,0,0
0,0,0,0
0,0,0,0
0,0,0,0
0,0,0,0
0,0,0,0
0,0,0,0
0,0,0,0
0,0,0,0
0,0,0,0
0,0,0,0
0,0,0,0
0,0,0,0
0,0,0,0
0,0,0,0
0,0,0,0
0,0,0,0
0,0,0,0
0,0,0,0
0,0,0,0
0,0,0,0
0,0,0,0
0,0,0,0
0,0,0,0
0,0,0,0
0,0,0,0
0,0,0,0
0,0,0,0
0,0,0,0
0,0,0,0
0,0,0,0
0,0,0,0
0,0,0,0
0,0,0,0
0,0,0,0
0,0,0,0
0,0,0,0
0,0,0,0
0,0,0,0
0,0,0,0
0,0,0,0
0,0,0,0
0,0,0,0
0,0,0,0
0,0,0,0
0,0,0,0
0,0,0,0
0,0,0,0
0,0,0,0
0,0,0,0
0,0,0,0
0,0,0,0
0,0,0,0
0,0,0,0
0,0,0,0
0,0,0,0
0,0,0,0
0,0,0,0
0,0,0,0
0,0,0,0
0,0,0,0
0,0,0,0
0,0,0,0
0,0,0,0
0,0,0,0
0,0,0,0
0,0,0,0
0,0,0,0
0,0,0,0
0,0,0,0
0,0,0,0
0,0,0,0
0,0,0,0
0,0,0,0
0,0,0,0
0,0,0,0
0,0,0,0
0,0,0,0
0,0,0,0
0,0,0,0
0,0,0,0
